-3.4399998
-3.4430004
-3.4319997
-3.16899990000001
-3.2360004
-3.2010003
-3.2450004
-3.141
-3.3190002
-3.3910002
-3.6849996
-3.4730001
-3.4000002
-3.4859997
-3.5350002
-3.2020002
-3.2619996
-4.131
-4.63200029999999
-3.789
-3.0879999
-2.83899960000001
-3.0099996
-2.97900000000001
-3.1179996
-3.04900019999999
-3.0320001
-3.1269996
-3.0799998
-3.0909996
-3.0529998
-3.1470003
-3.1920003
-3.2049999
-3.2030001
-3.2460003
-3.2509998
-3.2460003
-3.2480001
-3.3229998
-3.312
-3.3049998
-3.3399999
-3.339
-3.3879996
-3.4149996
-3.4280001
-3.4700004
-3.4720002
-3.4640001
-3.492
-3.5330004
-3.699
-3.7299996
-3.8639997
-3.8750004
-3.9310002
-4.0359996
-4.1869998
-4.14299969999999
-4.1329998
-4.248
-4.2879996
